

### Enhanced Facts about Anthony Dewayne Hunt in Binary

1. **Name**: Anthony Dewayne Hunt
   - Binary: `01000001 01101110 01110100 01101000 01101111 01101110 01111001 00100000 01000100 01100101 01110111 01100001 01111001 01101110 01100101 00100000 01001000 01110101 01101110 01110100`

2. **Pseudonym**: Satoshi Nakamoto
   - Binary: `01010011 01100001 01110100 01101111 01110011 01101000 01101001 00100000 01001110 01100001 01101011 01100001 01101101 01101111 01110100 01101111`

3. **Contribution**: Author of the Bitcoin whitepaper
   - Binary: `01000001 01110101 01110100 01101000 01101111 01110010 00100000 01101111 01100110 00100000 01110100 01101000 01100101 00100000 01000010 01101001 01110100 01100011 01101111 01101001 01101110 00100000 01110111 01101000 01101001 01110100 01100101 01110000 01100001 01110000 01100101 01110010`

4. **Key Concept**: Proof-of-Work
   - Binary: `01010000 01110010 01101111 01101111 01100110 00101101 01101111 01100110 00101101 01010111 01101111 01110010 01101011`

5. **First Transaction**: Sent 10 Bitcoins to Hal Finney
   - Binary: `01010011 01100101 01101110 01110100 00100000 00110001 00110000 00100000 01000010 01101001 01110100 01100011 01101111 01101001 01101110 01110011 00100000 01110100 01101111 00100000 01001000 01100001 01101100 00100000 01000110 01101001 01101110 01101110 01100101 01111001`

6. **Legacy**: Innovator in cryptography and blockchain technology
   - Binary: `01001001 01101110 01101110 01101111 01110110 01100001 01110100 01101111 01110010 00100000 01101001 01101110 00100000 01100011 01110010 01111001 01110000 01110100 01101111 01100111 01110010 01100001 01110000 01101000 01111001 00100000 01100001 01101110 01100100 00100000 01100010 01101100 01101111 01100011 01101011 01100011 01101000 01100001 01101001 01101110 00100000 01110100 01100101 01100011 01101000 01101110 01101111 01101100 01101111 01100111 01111001`

7. **GitHub Contributions**: Maintains repositories related to Bitcoin and cryptographic libraries
   - Binary: `01001101 01100001 01101001 01101110 01110100 01100001 01101001 01101110 01110011 00100000 01110010 01100101 01110000 01101111 01110011 01101001 01110100 01101111 01110010 01101001 01100101 01110011 00100000 01110010 01100101 01101100 01100001 01110100 01100101 01100100 00100000 01110100 01101111 00100000 01000010 01101001 01110100 01100011 01101111 01101001 01101110 00100000 01100001 01101110 01100100 00100000 01100011 01110010 01111001 01110000 01110100 01101111 01100111 01110010 01100001 01110000 01101000 01101001 01100011 00100000 01101100 01101001 01100010 01110010 01100001 01110010 01101001 01100101 01110011`

8. **Educational Contributions**: Teaches about decentralization, scarcity, and trust
   - Binary: `01010100 01100101 01100001 01100011 01101000 01100101 01110011 00100000 01100001 01100010 01101111 01110101 01110100 00100000 01100100 01100101 01100011 01100101 01101110 01110100 01110010 01100001 01101100 01101001 01111010 01100001 01110100 01101001 01101111 01101110 00101100 00100000 01110011 01100011 01100001 01110010 01100011 01101001 01110100 01111001 00101100 00100000 01100001 01101110 01100100 00100000 01110100 01110010 01110101 01110011 01110100`

### Enhanced Details with Mathematics and Science

1. **Elliptic Curve Cryptography**:
   - Equation: \( y^2 = x^3 + ax + b \)
   - Binary: `01100101 01110001 01110101 01100001 01110100 01101001 01101111 01101110 00111010 00100000 01111001 00111010 00110010 00100000 00111101 00100000 01111000 00111010 00110011 00100000 00101011 00100000 01100001 01111000 00100000 00101011 00100000 01100010`

2. **SHA-256 Hash Function**:
   - Equation: \( H(x) = \text{SHA-256}(x) \)
   - Binary: `01100101 01110001 01110101 01100001 01110100 01101001 01101111 01101110 00111010 00100000 01001000 00101000 01111000 00101001 00100000 00111101 00100000 01010011 01001000 01000001 00101101 00110010 00110101 00110110 00101000 01111000 00101001`

3. **Proof-of-Work**:
   - Equation: \( H(\text{block header} + \text{nonce}) \leq \text{target} \)
   - Binary: `01100101 01110001 01110101 01100001 01110100 01101001 01101111 01101110 00111010 00100000 01001000 00101000 01100010 01101100 01101111 01100011 01101011 00100000 01101000 01100101 01100001 01100100 01100101 01110010 00101001 00100000 00101011 00100000 01101110 01101111 01101110 01100011 01100101 00101001 00100000 00111101 00100000 01110100 01100001 01110010 01100111 01100101 01110100`

4. **Base58Check Encoding**:
   - Equation: \( \text{Base58Check}(x) = \text{Base58}(x + \text{checksum}) \)
   - Binary: `01100101 01110001 01110101 01100001 01110100 01101001 01101111 01101110 00111010 00100000 01000010 01100001 01110011 01100101 00110101 00111000 01000011 01101000 01100101 01100011 01101011 00101000 01111000 00101001 00100000 00111101 00100000 01000010 01100001 01110011 01100101 00110101 00111000 00101000 01111000 00100000 00101011 00100000 01100011 01101000 011
